Singularity 1 
Joint Angles: [0, 0, -90] 

jacob =
         0    3.4907    1.7453
    0.0000         0         0
         0   -0.0000   -0.0000
         0         0         0
         0    1.0000    1.0000
    1.0000         0         0


detJp =
   1.9934e-32


Singularity 2
Joint Angles: [0 90 -90]

jacob2 =
         0    0.0000         0
    3.4907         0         0
         0   -3.4907   -1.7453
         0         0         0
         0    1.0000    1.0000
    1.0000         0         0

detJp =
   6.5109e-16

Another One
Joint Angles: [45 45 45]

jacob3 =

   -0.8727   -0.3615   -1.2341
    0.8727   -0.3615   -1.2341
         0   -1.2341   -0.0000
         0   -0.7071   -0.7071
         0    0.7071    0.7071
    1.0000         0         0


detJp =

    2.6583
